-0.000136312     -1.57064     -7.04716e-05     -1.57063     -7.09594e-05     4.88073e-06     
-0.000136312     -1.57064     -7.04716e-05     -1.57063     -7.09594e-05     4.88073e-06     
-0.0759595     -1.64853     -0.128459     -1.55174     0.051236     -0.0129687     
-0.151783     -1.72643     -0.256847     -1.53285     0.102543     -0.0259423     
-0.227606     -1.80433     -0.385235     -1.51397     0.15385     -0.0389159     
-0.303429     -1.88223     -0.513623     -1.49508     0.205157     -0.0518895     
-0.379252     -1.96012     -0.642012     -1.47619     0.256464     -0.0648631     
-0.455075     -2.03802     -0.7704     -1.4573     0.307771     -0.0778367     
-0.530899     -2.11592     -0.898788     -1.43842     0.359077     -0.0908103     
-0.606722     -2.19382     -1.02718     -1.41953     0.410384     -0.103784     
-0.682545     -2.27172     -1.15556     -1.40064     0.461691     -0.116757     
-0.758368     -2.34961     -1.28395     -1.38176     0.512998     -0.129731     
-0.834191     -2.42751     -1.41234     -1.36287     0.564305     -0.142705 
-0.834191     -2.42751     -1.41234     -1.36287     0.564305     -0.142705 
