-0.834141     -2.42751     -1.41233     -1.36287     0.564394     -0.142669     
-0.834141     -2.42751     -1.41233     -1.36287     0.564394     -0.142669     
-0.841513     -2.4271     -1.41146     -1.34605     0.582033     -0.16228     
-0.848885     -2.4267     -1.41059     -1.32923     0.599672     -0.181891     
-0.856257     -2.4263     -1.40972     -1.31241     0.617311     -0.201502     
-0.863629     -2.4259     -1.40886     -1.29559     0.63495     -0.221113     
-0.871001     -2.42549     -1.40799     -1.27876     0.652589     -0.240723     
-0.878373     -2.42509     -1.40712     -1.26194     0.670228     -0.260334     
-0.885745     -2.42469     -1.40625     -1.24512     0.687867     -0.279945     
-0.893117     -2.42429     -1.40539     -1.2283     0.705506     -0.299556     
-0.900489     -2.42388     -1.40452     -1.21148     0.723145     -0.319167     
-0.900428     -2.42381     -1.40458     -1.21145     0.723139     -0.319161     
-0.902602     -2.42926     -1.41048     -1.19119     0.721025     -0.325367     
-0.904777     -2.43472     -1.41639     -1.17092     0.718911     -0.331574     
-0.906951     -2.44017     -1.42229     -1.15066     0.716797     -0.337781     
-0.909125     -2.44562     -1.4282     -1.1304     0.714683     -0.343988     
-0.9113     -2.45108     -1.43411     -1.11014     0.712569     -0.350195     
-0.913474     -2.45653     -1.44001     -1.08987     0.710455     -0.356401     
-0.915649     -2.46199     -1.44592     -1.06961     0.708341     -0.362608     
-0.917823     -2.46744     -1.45182     -1.04935     0.706227     -0.368815     
-0.919998     -2.47289     -1.45773     -1.02908     0.704113     -0.375022     
