0.499998     -1.5708     3.13616e-05     -1.57255     0.000773694     8.02928e-05
0.000222023     -1.57069     3.2812e-05     -1.57062     4.6637e-05     -4.63514e-05     
-0.0728483     -1.6342     -0.14526     -1.55891     0.0585487     -0.0231218     
-0.145919     -1.69771     -0.290553     -1.54719     0.117051     -0.0461973     
-0.218989     -1.76121     -0.435846     -1.53548     0.175553     -0.0692728     
-0.292059     -1.82472     -0.58114     -1.52377     0.234055     -0.0923483     
-0.36513     -1.88823     -0.726433     -1.51206     0.292557     -0.115424     
-0.4382     -1.95174     -0.871726     -1.50034     0.351059     -0.138499     
-0.51127     -2.01525     -1.01702     -1.48863     0.409561     -0.161575     
-0.584341     -2.07876     -1.16231     -1.47692     0.468063     -0.18465     
-0.657411     -2.14227     -1.3076     -1.46521     0.526565     -0.207726     
-0.730481     -2.20578     -1.4529     -1.45349     0.585067     -0.230801     
