0.000487479     0.0134615     8.55591e-05     0.000490825     -5.29249e-06     3.64388e-05     0     0     0     0     0     0     -1.54122     0     0     0     0     0     
-0.0586402     -0.0677623     0.100363     0.11729     -0.00918417     0.000117685     -0.365761     -0.502446     0.620309     0.722511     -0.05678     0.000502586     -1.55756     -2.13962     2.64153     3.07675     -0.241793     0.00214022     
-0.117768     -0.148986     0.20064     0.234088     -0.0183631     0.000198932     -0.597899     -0.821335     1.014     1.18107     -0.0928168     0.000821563     -1.58581     -2.17843     2.68945     3.13256     -0.246179     0.00217904     
-0.176896     -0.23021     0.300917     0.350887     -0.0275419     0.000280178     -0.736216     -1.01134     1.24858     1.4543     -0.114289     0.00101162     -1.44715     -1.98795     2.45428     2.85864     -0.224652     0.0019885     
-0.236023     -0.311434     0.401194     0.467686     -0.0367208     0.000361424     -0.845091     -1.1609     1.43323     1.66936     -0.13119     0.00116123     -1.4354     -1.97181     2.43435     2.83544     -0.222829     0.00197236     
-0.295151     -0.392657     0.501471     0.584485     -0.0458997     0.000442671     -0.937432     -1.28775     1.58983     1.85177     -0.145525     0.00128811     -1.32742     -1.82348     2.25123     2.62214     -0.206066     0.00182398     
-0.354279     -0.473881     0.601748     0.701284     -0.0550786     0.000523917     -1.02526     -1.40839     1.73877     2.02525     -0.159159     0.00140879     -1.58779     -2.18115     2.6928     3.13646     -0.246486     0.00218175     
-0.413406     -0.555105     0.702026     0.818082     -0.0642575     0.000605164     -1.10408     -1.51668     1.87246     2.18096     -0.171395     0.0015171     -1.22937     -1.68879     2.08494     2.42846     -0.190846     0.00168926     
-0.472534     -0.636329     0.802303     0.934881     -0.0734363     0.00068641     -1.16603     -1.60177     1.97752     2.30333     -0.181012     0.00160222     -1.14308     -1.57025     1.9386     2.258     -0.17745     0.00157069     
-0.531662     -0.717553     0.90258     1.05168     -0.0826152     0.000767656     -1.22551     -1.68348     2.07839     2.42082     -0.190246     0.00168395     -1.26267     -1.73453     2.14142     2.49424     -0.196015     0.00173502     
-0.590789     -0.798777     1.00286     1.16848     -0.0917941     0.000848903     -1.28149     -1.76038     2.17333     2.5314     -0.198936     0.00176087     -1.10485     -1.51774     1.87377     2.18249     -0.171516     0.00151816     
-0.649917     -0.88     1.10313     1.28528     -0.100973     0.000930149     -1.32679     -1.82261     2.25015     2.62089     -0.205968     0.00182312     -0.888466     -1.22049     1.50679     1.75504     -0.137924     0.00122083     
-0.709045     -0.961224     1.20341     1.40208     -0.110152     0.0010114     -1.32032     -1.81372     2.23918     2.60811     -0.204964     0.00181422     1.17282     1.61111     -1.98904     -2.31676     0.182067     -0.00161156     
-0.768172     -1.04245     1.30369     1.51888     -0.119331     0.00109264     -1.2688     -1.74295     2.15181     2.50634     -0.196966     0.00174343     1.08308     1.48783     -1.83685     -2.13949     0.168136     -0.00148825     
-0.8273     -1.12367     1.40397     1.63567     -0.12851     0.00117389     -1.21337     -1.66681     2.05781     2.39686     -0.188362     0.00166728     1.23779     1.70036     -2.09922     -2.44509     0.192153     -0.00170083     
-0.886428     -1.2049     1.50424     1.75247     -0.137688     0.00125513     -1.15448     -1.58592     1.95794     2.28053     -0.17922     0.00158636     1.12056     1.53931     -1.9004     -2.21351     0.173953     -0.00153974     
-0.945556     -1.28612     1.60452     1.86927     -0.146867     0.00133638     -1.09315     -1.50166     1.85392     2.15937     -0.169698     0.00150208     1.20515     1.65551     -2.04386     -2.38061     0.187085     -0.00165597     
-1.00468     -1.36734     1.7048     1.98607     -0.156046     0.00141763     -1.01437     -1.39344     1.72031     2.00375     -0.157469     0.00139383     1.58052     2.17116     -2.68047     -3.1221     0.245357     -0.00217177     
-1.06381     -1.44857     1.80507     2.10287     -0.165225     0.00149887     -0.927413     -1.27399     1.57284     1.83198     -0.14397     0.00127434     1.27722     1.75453     -2.1661     -2.52299     0.198274     -0.00175501     
-1.12294     -1.52979     1.90535     2.21967     -0.174404     0.00158012     -0.83946     -1.15317     1.42368     1.65824     -0.130316     0.00115349     1.33483     1.83366     -2.26379     -2.63677     0.207216     -0.00183417     
-1.18207     -1.61101     2.00563     2.33647     -0.183583     0.00166137     -0.728144     -1.00025     1.23489     1.43835     -0.113036     0.00100053     1.56792     2.15385     -2.65909     -3.09721     0.243401     -0.00215445     
-1.24119     -1.69224     2.10591     2.45327     -0.192762     0.00174261     -0.590153     -0.810695     1.00087     1.16577     -0.0916144     0.00081092     1.45078     1.99293     -2.46043     -2.86581     0.225216     -0.00199349     
-1.30032     -1.77346     2.20618     2.57006     -0.201941     0.00182386     -0.36428     -0.500412     0.617798     0.719587     -0.0565502     0.000500552     1.54707     2.12521     -2.62374     -3.05602     0.240164     -0.0021258     
-1.35945     -1.85469     2.30646     2.68686     -0.21112     0.00190511     0     0     0     0     0     0     1.52368     2.09308     -2.58407     -3.00982     0.236533     -0.00209366     
