-0.730651     -2.20586     -1.45296     -1.45355     0.58506     -0.230888     
-0.747998     -2.23083     -1.45641     -1.40536     0.596163     -0.246784     
-0.765345     -2.2558     -1.45985     -1.35717     0.607266     -0.262679     
-0.782692     -2.28076     -1.46329     -1.30898     0.61837     -0.278575     
-0.80004     -2.30573     -1.46673     -1.2608     0.629473     -0.294471     
-0.817387     -2.3307     -1.47018     -1.21261     0.640576     -0.310367     
-0.834734     -2.35566     -1.47362     -1.16442     0.651679     -0.326262     
-0.852081     -2.38063     -1.47706     -1.11623     0.662782     -0.342158     
-0.869428     -2.4056     -1.48051     -1.06804     0.673886     -0.358054     
-0.886775     -2.43057     -1.48395     -1.01985     0.684989     -0.37395     
-0.886785     -2.43056     -1.48404     -1.01984     0.685001     -0.374039     
-0.890343     -2.43536     -1.4815     -1.02096     0.685259     -0.374038     
-0.893901     -2.44016     -1.47896     -1.02207     0.685516     -0.374036     
-0.89746     -2.44496     -1.47641     -1.02319     0.685773     -0.374035     
-0.901018     -2.44977     -1.47387     -1.02431     0.68603     -0.374033     
-0.904576     -2.45457     -1.47132     -1.02542     0.686287     -0.374032     
-0.908135     -2.45937     -1.46878     -1.02654     0.686544     -0.374031     
-0.911693     -2.46417     -1.46624     -1.02766     0.686802     -0.374029     
-0.915251     -2.46898     -1.46369     -1.02878     0.687059     -0.374028     
-0.918809     -2.47378     -1.46115     -1.02989     0.687316     -0.374026     
