0.000124318     -1.5706     2.7884e-05     -1.57076     -7.69129e-05     -6.81341e-05     
-0.0698096     -1.64071     -0.109066     -1.53767     0.0514954     -0.0217309     
-0.139743     -1.71082     -0.218159     -1.50458     0.103068     -0.0433936     
-0.209677     -1.78092     -0.327253     -1.47149     0.15464     -0.0650563     
-0.279611     -1.85103     -0.436346     -1.4384     0.206212     -0.0867191     
-0.349545     -1.92114     -0.54544     -1.40531     0.257784     -0.108382     
-0.419479     -1.99124     -0.654534     -1.37222     0.309357     -0.130045     
-0.489413     -2.06135     -0.763627     -1.33913     0.360929     -0.151707     
-0.559347     -2.13146     -0.872721     -1.30604     0.412501     -0.17337     
-0.629281     -2.20156     -0.981814     -1.27295     0.464074     -0.195033     
-0.699214     -2.27167     -1.09091     -1.23986     0.515646     -0.216695     
-0.769148     -2.34178     -1.2     -1.20677     0.567218     -0.238358     
-0.839082     -2.41188     -1.30909     -1.17368     0.61879     -0.260021     
-0.909016     -2.48199     -1.41819     -1.14059     0.670363     -0.281684     
-0.908978     -2.48192     -1.41806     -1.14052     0.670246     -0.281676     
-0.908977     -2.48192     -1.41805     -1.14053     0.670251     -0.281686     
-0.908977     -2.48192     -1.41805     -1.14054     0.670257     -0.281697     
-0.908977     -2.48192     -1.41805     -1.14055     0.670262     -0.281708     
-0.908976     -2.48192     -1.41805     -1.14056     0.670267     -0.281718     
-0.908976     -2.48191     -1.41804     -1.14057     0.670273     -0.281729     
-0.908976     -2.48191     -1.41804     -1.14058     0.670278     -0.28174     
-0.908975     -2.48191     -1.41804     -1.14059     0.670284     -0.28175     
-0.908975     -2.48191     -1.41803     -1.1406     0.670289     -0.281761     
-0.908975     -2.48191     -1.41803     -1.14061     0.670295     -0.281771     
